[BAUDRATE]
baudrate=115200
[DATABITS]
databits=8
[STOP]
stop=1
[PARITY]
parity=NONE
[CORRECT]
MaxVoletage_X=3800
MinVoletage_X=77
MaxVoletage_Y=4011
MinVoletage_Y=230
[TRIGGER]
TrigValue_X=3700
TrigValue_Y=3900
[SCREENDATA]
ScreenInch=14
ScreenLengthWidthRatio=1.77777777777778
Point_VolRate_X=0.865374933
X_Offset=-7.2180451128
Point_VolRate_Y=0.0567367369058
Y_Offset=-12.2605633803
